500 1202
0 Donostia
1 Hernani
2 Andoain
3 Tolosa
4 Beasain
5 Ordizia
6 Zarautz
7 Getaria
8 Zumaia
9 Azpeitia
10 Azkoitia
11 Bergara
12 Eibar
13 Arrasate
14 Onati
15 Zumarraga
16 Legazpi
17 Urretxu
18 Villabona
19 Alegia
20 Itsasondo
21 Lazkao
22 Idiazabal
23 Segura
24 Mutiloa
25 Zerain
26 Aretxabaleta
27 Eskoriatza
28 Leintz-Gatzaga
29 Antzuola
30 Elgeta
31 Soraluze
32 Mutriku
33 Deba
34 Mendaro
35 Elgoibar
36 Maltzaga
37 Mendarokale
38 Lasarte
39 Usurbil
40 Orio
41 Zizurkil
42 Urnieta
43 Astigarraga
44 Pasaia
45 Errenteria
46 Oiartzun
47 Irun
48 Hondarribia
49 Lezo
50 Barrio50
51 Barrio51
52 Barrio52
53 Barrio53
54 Barrio54
55 Barrio55
56 Barrio56
57 Barrio57
58 Barrio58
59 Barrio59
60 Barrio60
61 Barrio61
62 Barrio62
63 Barrio63
64 Barrio64
65 Barrio65
66 Barrio66
67 Barrio67
68 Barrio68
69 Barrio69
70 Barrio70
71 Barrio71
72 Barrio72
73 Barrio73
74 Barrio74
75 Barrio75
76 Barrio76
77 Barrio77
78 Barrio78
79 Barrio79
80 Barrio80
81 Barrio81
82 Barrio82
83 Barrio83
84 Barrio84
85 Barrio85
86 Barrio86
87 Barrio87
88 Barrio88
89 Barrio89
90 Barrio90
91 Barrio91
92 Barrio92
93 Barrio93
94 Barrio94
95 Barrio95
96 Barrio96
97 Barrio97
98 Barrio98
99 Barrio99
100 Barrio100
101 Barrio101
102 Barrio102
103 Barrio103
104 Barrio104
105 Barrio105
106 Barrio106
107 Barrio107
108 Barrio108
109 Barrio109
110 Barrio110
111 Barrio111
112 Barrio112
113 Barrio113
114 Barrio114
115 Barrio115
116 Barrio116
117 Barrio117
118 Barrio118
119 Barrio119
120 Barrio120
121 Barrio121
122 Barrio122
123 Barrio123
124 Barrio124
125 Barrio125
126 Barrio126
127 Barrio127
128 Barrio128
129 Barrio129
130 Barrio130
131 Barrio131
132 Barrio132
133 Barrio133
134 Barrio134
135 Barrio135
136 Barrio136
137 Barrio137
138 Barrio138
139 Barrio139
140 Barrio140
141 Barrio141
142 Barrio142
143 Barrio143
144 Barrio144
145 Barrio145
146 Barrio146
147 Barrio147
148 Barrio148
149 Barrio149
150 Barrio150
151 Barrio151
152 Barrio152
153 Barrio153
154 Barrio154
155 Barrio155
156 Barrio156
157 Barrio157
158 Barrio158
159 Barrio159
160 Barrio160
161 Barrio161
162 Barrio162
163 Barrio163
164 Barrio164
165 Barrio165
166 Barrio166
167 Barrio167
168 Barrio168
169 Barrio169
170 Barrio170
171 Barrio171
172 Barrio172
173 Barrio173
174 Barrio174
175 Barrio175
176 Barrio176
177 Barrio177
178 Barrio178
179 Barrio179
180 Barrio180
181 Barrio181
182 Barrio182
183 Barrio183
184 Barrio184
185 Barrio185
186 Barrio186
187 Barrio187
188 Barrio188
189 Barrio189
190 Barrio190
191 Barrio191
192 Barrio192
193 Barrio193
194 Barrio194
195 Barrio195
196 Barrio196
197 Barrio197
198 Barrio198
199 Barrio199
200 Barrio200
201 Barrio201
202 Barrio202
203 Barrio203
204 Barrio204
205 Barrio205
206 Barrio206
207 Barrio207
208 Barrio208
209 Barrio209
210 Barrio210
211 Barrio211
212 Barrio212
213 Barrio213
214 Barrio214
215 Barrio215
216 Barrio216
217 Barrio217
218 Barrio218
219 Barrio219
220 Barrio220
221 Barrio221
222 Barrio222
223 Barrio223
224 Barrio224
225 Barrio225
226 Barrio226
227 Barrio227
228 Barrio228
229 Barrio229
230 Barrio230
231 Barrio231
232 Barrio232
233 Barrio233
234 Barrio234
235 Barrio235
236 Barrio236
237 Barrio237
238 Barrio238
239 Barrio239
240 Barrio240
241 Barrio241
242 Barrio242
243 Barrio243
244 Barrio244
245 Barrio245
246 Barrio246
247 Barrio247
248 Barrio248
249 Barrio249
250 Barrio250
251 Barrio251
252 Barrio252
253 Barrio253
254 Barrio254
255 Barrio255
256 Barrio256
257 Barrio257
258 Barrio258
259 Barrio259
260 Barrio260
261 Barrio261
262 Barrio262
263 Barrio263
264 Barrio264
265 Barrio265
266 Barrio266
267 Barrio267
268 Barrio268
269 Barrio269
270 Barrio270
271 Barrio271
272 Barrio272
273 Barrio273
274 Barrio274
275 Barrio275
276 Barrio276
277 Barrio277
278 Barrio278
279 Barrio279
280 Barrio280
281 Barrio281
282 Barrio282
283 Barrio283
284 Barrio284
285 Barrio285
286 Barrio286
287 Barrio287
288 Barrio288
289 Barrio289
290 Barrio290
291 Barrio291
292 Barrio292
293 Barrio293
294 Barrio294
295 Barrio295
296 Barrio296
297 Barrio297
298 Barrio298
299 Barrio299
300 Barrio300
301 Barrio301
302 Barrio302
303 Barrio303
304 Barrio304
305 Barrio305
306 Barrio306
307 Barrio307
308 Barrio308
309 Barrio309
310 Barrio310
311 Barrio311
312 Barrio312
313 Barrio313
314 Barrio314
315 Barrio315
316 Barrio316
317 Barrio317
318 Barrio318
319 Barrio319
320 Barrio320
321 Barrio321
322 Barrio322
323 Barrio323
324 Barrio324
325 Barrio325
326 Barrio326
327 Barrio327
328 Barrio328
329 Barrio329
330 Barrio330
331 Barrio331
332 Barrio332
333 Barrio333
334 Barrio334
335 Barrio335
336 Barrio336
337 Barrio337
338 Barrio338
339 Barrio339
340 Barrio340
341 Barrio341
342 Barrio342
343 Barrio343
344 Barrio344
345 Barrio345
346 Barrio346
347 Barrio347
348 Barrio348
349 Barrio349
350 Barrio350
351 Barrio351
352 Barrio352
353 Barrio353
354 Barrio354
355 Barrio355
356 Barrio356
357 Barrio357
358 Barrio358
359 Barrio359
360 Barrio360
361 Barrio361
362 Barrio362
363 Barrio363
364 Barrio364
365 Barrio365
366 Barrio366
367 Barrio367
368 Barrio368
369 Barrio369
370 Barrio370
371 Barrio371
372 Barrio372
373 Barrio373
374 Barrio374
375 Barrio375
376 Barrio376
377 Barrio377
378 Barrio378
379 Barrio379
380 Barrio380
381 Barrio381
382 Barrio382
383 Barrio383
384 Barrio384
385 Barrio385
386 Barrio386
387 Barrio387
388 Barrio388
389 Barrio389
390 Barrio390
391 Barrio391
392 Barrio392
393 Barrio393
394 Barrio394
395 Barrio395
396 Barrio396
397 Barrio397
398 Barrio398
399 Barrio399
400 Barrio400
401 Barrio401
402 Barrio402
403 Barrio403
404 Barrio404
405 Barrio405
406 Barrio406
407 Barrio407
408 Barrio408
409 Barrio409
410 Barrio410
411 Barrio411
412 Barrio412
413 Barrio413
414 Barrio414
415 Barrio415
416 Barrio416
417 Barrio417
418 Barrio418
419 Barrio419
420 Barrio420
421 Barrio421
422 Barrio422
423 Barrio423
424 Barrio424
425 Barrio425
426 Barrio426
427 Barrio427
428 Barrio428
429 Barrio429
430 Barrio430
431 Barrio431
432 Barrio432
433 Barrio433
434 Barrio434
435 Barrio435
436 Barrio436
437 Barrio437
438 Barrio438
439 Barrio439
440 Barrio440
441 Barrio441
442 Barrio442
443 Barrio443
444 Barrio444
445 Barrio445
446 Barrio446
447 Barrio447
448 Barrio448
449 Barrio449
450 Barrio450
451 Barrio451
452 Barrio452
453 Barrio453
454 Barrio454
455 Barrio455
456 Barrio456
457 Barrio457
458 Barrio458
459 Barrio459
460 Barrio460
461 Barrio461
462 Barrio462
463 Barrio463
464 Barrio464
465 Barrio465
466 Barrio466
467 Barrio467
468 Barrio468
469 Barrio469
470 Barrio470
471 Barrio471
472 Barrio472
473 Barrio473
474 Barrio474
475 Barrio475
476 Barrio476
477 Barrio477
478 Barrio478
479 Barrio479
480 Barrio480
481 Barrio481
482 Barrio482
483 Barrio483
484 Barrio484
485 Barrio485
486 Barrio486
487 Barrio487
488 Barrio488
489 Barrio489
490 Barrio490
491 Barrio491
492 Barrio492
493 Barrio493
494 Barrio494
495 Barrio495
496 Barrio496
497 Barrio497
498 Barrio498
499 Barrio499
380 468 200
468 145 172
145 2 53
2 282 99
282 103 47
103 148 108
148 312 33
312 130 122
130 411 36
411 168 2
168 204 42
204 113 23
113 132 85
132 418 9
418 270 26
270 351 38
351 157 57
157 451 118
451 339 111
339 288 52
288 277 170
277 354 104
354 48 16
48 318 15
318 303 39
303 314 30
314 234 119
234 95 179
95 304 24
304 271 35
271 434 172
434 173 11
173 357 92
357 495 113
495 133 53
133 431 62
431 39 61
39 490 111
490 310 88
310 317 172
317 471 37
471 23 23
23 426 173
426 224 3
224 286 75
286 20 84
20 365 172
365 255 103
255 216 89
216 405 59
405 79 16
79 228 15
228 445 141
445 189 17
189 184 29
184 243 64
243 358 74
358 276 61
276 218 33
218 488 143
488 60 1
60 438 155
438 159 197
159 167 165
167 349 140
349 89 68
89 121 108
121 333 143
333 51 95
51 9 95
9 482 161
482 152 34
152 416 107
416 379 9
379 306 155
306 111 75
111 185 90
185 340 81
340 489 177
489 475 1
475 93 90
93 84 130
84 376 195
376 291 1
291 158 166
158 250 76
250 323 21
323 406 97
406 460 185
460 50 48
50 433 157
433 372 84
372 66 114
66 108 27
108 465 188
465 71 153
71 298 191
298 369 137
369 437 51
437 211 103
211 11 163
11 110 174
110 142 19
142 28 50
28 59 53
59 163 185
163 38 92
38 24 110
24 205 200
205 440 124
440 140 73
140 177 168
177 252 142
252 235 140
235 245 42
245 242 100
242 25 7
25 21 67
21 217 187
217 160 8
160 231 196
231 77 161
77 151 173
151 54 42
54 345 200
345 280 50
280 257 94
257 456 48
456 308 26
308 331 35
331 58 183
58 360 155
360 179 26
179 464 70
464 388 32
388 129 19
129 285 93
285 347 15
347 56 66
56 387 93
387 169 34
169 36 65
36 138 106
138 319 24
319 296 159
296 246 67
246 122 133
122 33 142
33 127 31
127 109 171
109 363 137
363 183 31
183 196 85
196 422 74
422 86 164
86 400 196
400 297 169
297 346 79
346 116 113
116 63 61
63 88 2
88 477 24
477 144 29
144 112 159
112 362 26
362 399 197
399 334 113
334 62 100
62 353 92
353 146 173
146 373 47
373 27 34
27 76 100
76 260 1
260 150 107
150 210 54
210 195 62
195 290 2
290 82 107
82 154 34
154 432 22
432 320 45
320 361 138
361 75 69
75 17 108
17 94 44
94 238 200
238 143 100
143 469 79
469 67 17
67 225 7
225 391 32
391 106 146
106 15 101
15 97 69
97 46 146
46 49 14
49 192 164
192 226 173
226 114 140
114 302 183
302 356 49
356 91 80
91 80 80
80 107 153
107 329 141
329 209 170
209 384 87
384 409 6
409 13 171
13 176 38
176 299 79
299 483 73
483 295 52
295 491 110
491 332 55
332 292 128
292 153 12
153 202 109
202 268 17
268 1 40
1 417 44
417 313 171
313 375 13
375 128 141
128 352 57
352 57 17
57 408 115
408 254 149
254 382 49
382 390 103
390 377 146
377 328 184
328 213 112
213 182 183
182 65 137
65 7 94
7 315 20
315 101 56
101 187 23
187 126 113
126 123 11
123 394 137
394 201 80
201 251 180
251 494 8
494 239 54
239 383 173
383 367 10
367 237 40
237 34 165
34 307 135
307 141 26
141 403 183
403 344 13
344 162 106
162 43 188
43 118 121
118 498 158
498 99 99
99 392 86
392 102 170
102 258 47
258 100 165
100 41 169
41 281 104
281 364 110
364 492 169
492 448 175
448 164 27
164 104 23
104 124 12
124 259 56
259 355 39
355 458 169
458 484 165
484 115 35
115 309 181
309 338 170
338 53 150
53 381 78
381 442 94
442 70 131
70 284 108
284 263 181
263 419 68
419 166 73
166 441 106
441 481 48
481 335 137
335 219 136
219 155 170
155 294 141
294 230 24
230 378 1
378 476 149
476 232 155
232 480 182
480 31 37
31 343 134
343 197 195
197 301 153
301 85 170
85 61 154
61 264 26
264 446 117
446 273 168
273 455 64
455 188 161
188 199 142
199 452 123
452 74 8
74 443 96
443 423 76
423 395 193
395 265 120
265 29 96
29 40 166
40 120 190
120 190 73
190 73 138
73 348 196
348 415 145
415 474 151
474 337 167
337 12 87
12 178 51
178 212 44
212 402 11
402 478 96
478 412 14
412 241 150
241 454 25
454 165 126
165 14 96
14 206 194
206 325 108
325 279 170
279 398 46
398 366 27
366 462 169
462 4 159
4 221 19
221 421 60
421 389 147
389 181 99
181 413 35
413 32 130
32 316 174
316 493 183
493 473 26
473 215 196
215 324 125
324 425 135
425 139 194
139 424 60
424 385 161
385 131 135
131 453 128
453 98 86
98 470 81
470 68 155
68 5 162
5 459 107
459 236 196
236 466 167
466 227 69
227 487 87
487 78 174
78 90 124
90 439 46
439 278 61
278 119 27
119 368 187
368 322 183
322 253 14
253 147 177
147 435 133
435 30 183
30 397 199
397 256 37
256 272 95
272 207 11
207 117 36
117 180 38
180 430 167
430 186 43
186 321 176
321 45 176
45 300 103
300 96 191
96 8 46
8 401 198
401 450 143
450 198 64
198 233 131
233 370 168
370 37 47
37 200 198
200 283 125
283 479 129
479 171 172
171 87 2
87 134 121
134 336 40
336 249 71
249 42 90
42 371 174
371 92 130
92 427 164
427 386 113
386 16 58
16 261 18
261 191 110
191 214 192
214 342 121
342 266 102
266 248 82
248 467 13
467 457 164
457 407 110
407 326 107
326 275 179
275 350 23
350 222 84
222 262 114
262 330 119
330 444 4
444 203 29
203 6 10
6 472 183
472 414 91
414 289 94
289 269 83
269 327 200
327 311 62
311 420 180
420 105 141
105 247 178
247 410 173
410 267 144
267 175 122
175 156 187
156 496 197
496 18 151
18 428 178
428 240 88
240 135 171
135 244 60
244 293 9
293 220 48
220 149 33
149 10 168
10 404 115
404 64 52
64 72 174
72 341 121
341 47 110
47 22 164
22 52 4
52 229 90
229 374 167
374 161 33
161 3 69
3 35 92
35 193 140
193 305 80
305 449 173
449 497 19
497 396 89
396 223 53
223 463 13
463 0 31
0 83 143
83 125 33
125 359 133
359 485 3
485 486 154
486 172 125
172 69 132
69 81 108
81 499 103
499 436 181
436 174 128
174 170 17
170 287 49
287 274 47
274 194 90
194 19 59
19 447 85
447 461 179
461 429 107
429 55 189
55 136 126
136 208 30
208 393 102
393 44 19
44 137 92
137 26 131
480 192 27
100 131 23
354 61 95
89 97 22
443 33 109
418 330 168
471 229 187
223 486 115
212 26 25
479 153 130
201 192 188
170 188 90
32 170 156
94 61 7
227 200 129
164 16 53
411 146 81
359 146 39
163 309 121
184 115 137
386 443 9
315 241 40
106 169 62
285 113 80
466 397 42
100 237 124
403 169 122
320 228 119
413 465 70
223 368 76
40 333 101
443 238 26
464 446 157
432 164 98
289 288 157
271 66 60
396 29 42
356 213 131
227 346 157
139 310 61
397 148 45
465 266 61
464 357 107
413 377 22
298 197 141
32 188 120
355 323 35
86 176 180
301 65 36
493 495 78
212 79 42
232 137 158
118 313 51
151 97 151
304 25 193
444 158 197
98 312 115
13 92 41
395 170 160
340 410 42
166 20 26
124 21 89
110 42 45
467 236 112
88 48 143
268 25 156
336 121 168
52 212 40
121 344 79
87 230 196
65 297 95
377 204 6
315 249 80
371 307 41
468 291 37
98 117 77
380 344 113
258 74 174
300 359 51
81 271 44
118 255 191
60 48 78
321 90 180
8 255 185
392 321 172
207 118 142
326 409 60
405 317 111
470 367 20
404 137 65
287 152 69
120 494 39
316 104 49
4 338 183
458 46 105
262 154 125
36 94 120
165 258 19
223 278 80
49 389 116
326 12 37
135 171 33
225 415 192
374 239 78
59 356 127
245 179 96
435 63 60
498 183 180
130 136 147
269 47 27
4 329 183
177 191 116
229 198 39
91 123 46
332 345 86
105 369 116
386 73 200
124 377 110
190 193 42
132 293 94
427 450 197
202 273 180
221 351 167
2 361 60
243 115 173
306 117 40
492 306 89
227 412 183
313 164 183
1 334 120
172 232 172
27 121 6
132 68 70
93 251 47
342 394 168
467 81 62
271 64 45
329 141 103
280 242 15
195 288 108
132 498 178
338 166 35
38 118 190
393 224 167
154 457 24
465 187 43
493 213 72
481 392 118
278 380 124
317 20 15
122 75 119
393 219 59
52 265 127
20 465 160
429 318 96
432 67 50
113 10 177
491 33 19
261 275 130
245 275 161
254 149 164
477 98 84
409 200 161
332 101 133
318 109 50
17 339 174
264 451 50
320 442 77
143 440 121
146 70 138
419 200 83
64 126 40
39 486 96
324 119 94
54 315 113
437 28 183
384 10 95
314 388 145
21 331 160
200 489 186
396 383 87
335 54 44
325 100 197
495 440 78
328 210 63
226 301 161
158 103 151
169 144 124
298 359 197
346 130 161
248 188 131
299 187 41
234 254 135
33 330 35
73 327 112
379 25 171
184 201 175
252 329 55
107 168 7
107 333 59
87 446 158
65 134 64
222 70 150
263 195 97
383 97 2
32 378 163
303 494 181
310 460 59
489 465 172
81 126 14
441 255 88
172 104 173
200 203 144
493 465 17
275 499 80
332 396 98
487 354 47
429 294 109
89 167 58
183 274 186
348 19 48
388 223 164
174 397 118
400 366 29
9 254 5
319 478 178
29 205 17
83 366 25
67 171 166
97 450 66
123 97 193
126 226 6
18 35 130
111 244 85
282 70 178
488 254 190
245 297 172
318 121 30
216 55 119
32 337 191
179 433 170
448 37 37
468 230 150
273 118 143
71 127 58
125 84 22
445 496 69
392 319 79
48 123 61
2 348 66
190 469 93
496 449 30
122 263 80
7 411 17
359 378 182
143 40 198
343 354 134
333 405 133
202 125 95
435 171 120
440 316 54
284 223 125
19 37 197
28 428 28
51 460 122
200 100 134
429 358 136
367 376 3
469 281 186
339 104 89
372 463 40
66 488 179
438 450 146
83 318 149
328 356 78
437 132 17
477 480 115
9 443 24
140 435 129
39 134 106
340 373 171
237 173 32
64 237 172
70 400 160
467 274 153
315 158 137
379 287 84
452 254 162
329 445 148
481 147 44
101 398 58
401 331 117
161 36 24
241 448 64
228 202 61
358 199 80
165 274 195
467 273 181
485 143 172
449 281 152
281 375 5
371 270 28
224 349 33
71 245 110
71 495 172
236 370 32
440 448 71
71 410 64
43 50 157
492 429 150
172 70 81
474 351 112
151 40 64
468 447 146
383 27 135
201 189 109
395 419 162
17 134 58
150 236 172
277 110 117
36 107 56
446 347 44
262 442 176
153 67 81
94 145 21
206 182 61
214 486 187
416 229 193
81 3 75
257 316 2
439 366 57
224 223 44
416 151 80
153 394 200
28 371 61
497 452 114
115 0 11
186 150 37
448 216 191
341 425 148
32 99 196
235 424 44
11 416 142
75 62 38
91 492 142
437 280 137
428 265 2
30 450 24
124 238 123
342 420 198
428 269 132
183 93 178
215 446 125
48 12 178
309 131 55
456 325 99
307 323 88
380 258 148
9 274 47
88 102 75
402 91 128
9 206 36
160 312 128
401 458 138
235 368 73
428 72 29
393 115 150
241 359 84
450 38 53
190 343 185
11 104 77
255 489 170
209 18 196
435 386 181
420 463 153
418 385 123
232 113 53
437 195 31
290 282 155
192 177 27
334 97 51
22 112 135
398 424 165
437 414 199
271 473 191
103 88 67
211 146 194
337 382 174
95 299 27
2 159 144
133 222 171
41 7 84
341 200 105
497 419 167
294 437 90
489 239 197
490 253 100
78 493 190
397 92 24
469 221 173
44 185 53
461 375 14
359 436 2
464 208 45
310 333 26
113 158 170
187 301 193
136 292 42
157 274 44
266 244 141
20 154 74
145 199 8
334 32 139
30 183 187
43 482 67
464 36 139
111 22 137
494 461 131
352 312 118
265 22 33
145 135 86
279 212 70
319 92 143
97 457 56
478 295 118
499 210 63
9 86 70
212 316 128
26 173 73
266 366 9
101 246 35
458 322 94
355 182 95
165 442 141
186 445 154
497 375 12
59 327 173
322 463 150
91 463 84
130 97 132
359 171 171
375 338 64
241 146 182
276 384 144
450 292 58
446 468 83
351 252 196
314 178 189
217 357 92
388 252 126
300 315 166
51 459 98
283 71 137
444 149 127
35 140 74
60 63 46
491 252 92
73 492 173
321 184 181
35 322 171
437 109 92
39 223 29
341 334 111
27 361 113
490 358 45
263 465 62
30 109 134
81 91 12
330 352 2
487 280 41
398 60 63
173 18 138
373 420 61
244 414 98
176 94 83
24 71 110
474 121 133
63 416 70
312 444 17
394 324 138
34 9 142
374 314 23
179 79 174
451 386 182
224 419 135
209 232 14
26 116 17
322 85 5
440 199 197
430 460 49
107 264 195
441 416 22
452 151 154
27 205 120
399 276 118
247 159 24
67 215 125
380 492 61
56 306 109
179 256 52
194 167 91
68 181 27
327 31 193
395 422 98
380 42 120
265 139 138
190 162 185
251 417 145
476 38 142
175 460 8
94 212 105
378 369 97
374 230 134
144 157 196
394 190 131
247 455 58
295 240 87
337 193 21
141 161 61
103 393 20
474 108 182
282 174 148
476 447 180
475 446 110
370 19 123
387 94 115
474 170 16
1 231 12
157 47 102
264 69 84
94 457 72
325 474 35
337 439 27
382 458 39
466 290 19
184 496 85
264 476 50
312 314 98
433 252 80
274 43 75
433 132 36
389 398 97
139 296 173
24 49 32
114 317 119
413 408 14
418 394 60
65 194 167
476 332 159
33 464 82
219 60 75
27 5 176
280 99 45
175 340 144
139 370 96
182 296 87
215 319 120
136 265 18
9 400 109
151 25 52
342 410 65
215 81 87
175 193 34
397 71 44
315 174 80
97 427 106
230 270 66
418 441 143
278 431 162
264 468 92
130 442 94
384 452 185
271 123 14
379 398 96
346 9 45
409 415 117
22 76 165
15 34 33
105 114 184
232 82 25
414 471 192
118 274 130
20 7 155
487 264 34
87 343 29
201 349 152
113 313 51
254 94 10
457 37 122
326 189 62
360 356 24
338 288 194
195 424 107
187 172 157
19 30 180
9 327 130
466 142 145
274 470 172
246 136 9
454 244 177
306 407 137
167 351 98
374 9 81
186 123 116
133 282 95
432 64 8
209 363 6
89 496 114
4 243 191
333 233 163
262 497 43
215 323 194
201 301 169
187 362 158
416 439 122
273 493 93
402 171 96
366 313 76
452 270 83
279 163 134
140 444 195
337 195 193
100 385 145
81 304 160
15 376 48
477 348 82
416 49 200
315 406 123
363 140 21
152 164 199
293 52 68
315 499 41
390 274 72
425 183 2
243 132 17
282 388 91
74 444 105
376 28 11
379 458 157
213 338 23
270 319 70
83 334 35
293 104 65
243 42 178
183 399 5
447 1 122
318 166 126
321 56 150
228 306 56
330 166 62
168 35 164
478 149 153
379 222 105
498 378 59
135 340 46
51 190 129
495 136 71
307 356 73
115 162 22
68 247 179
50 482 77
73 465 15
298 205 21
250 49 165
368 382 64
241 192 19
37 97 146
149 177 104
36 280 52
195 389 118
248 452 149
382 452 190
252 112 110
430 395 198
368 186 112
244 38 189
201 246 75
112 64 183
225 328 129
239 265 127
153 456 2
234 271 156
263 147 125
412 290 29
170 193 19
303 133 10
26 12 173
353 56 80
125 103 137
432 51 38
311 470 130
27 363 200
467 385 53
375 237 162
44 235 83
445 56 31
473 189 113
464 88 20
38 119 185
17 377 87
380 87 192
10 25 -15
100 200 -8
#CONSULTAS
383 230
494 238
222 199
406 455
331 20
316 374
421 460
404 267
453 62
167 250
384 58
43 245
356 239
21 134
77 64
97 94
374 199
266 315
402 275
363 463
479 335
296 282
357 345
490 244
416 173
37 292
272 17
185 425
352 371
159 331
442 446
214 102
181 408
459 66
117 228
69 349
326 189
162 442
11 160
400 499
152 419
85 359
301 352
206 401
45 202
250 369
286 302
380 455
390 236
321 18
232 123
231 279
62 71
127 402
247 484
411 110
139 317
329 427
454 457
265 398
66 276
390 164
356 400
426 72
287 91
461 88
138 442
297 153
237 269
334 414
88 4
22 368
12 0
140 147
498 87
342 483
436 124
173 177
63 329
37 477
252 197
116 139
119 156
39 24
375 39
213 222
347 206
34 380
452 6
25 282
387 0
108 189
263 499
84 369
209 11
294 447
281 486
483 130
229 158
411 44
409 368
126 449
417 436
266 315
448 275
145 363
457 11
281 402
441 332
297 249
403 60
295 310
84 38
249 197
197 378
332 418
102 93
232 138
15 247
247 266
119 424
74 234
436 248
191 256
41 339
248 331
137 59
33 288
326 51
77 155
398 212
167 246
68 443
21 140
90 431
339 354
499 18
445 116
349 12
195 329
75 96
291 59
44 338
28 227
25 411
495 86
244 499
285 20
90 103
95 391
330 296
194 57
468 127
339 450
289 250
402 359
391 313
87 177
412 419
77 456
251 446
492 388
319 185
82 32
355 14
376 416
191 399
431 199
21 192
374 77
341 126
42 212
296 257
348 486
490 445
315 225
207 242
100 440
282 22
207 308
224 203
474 129
190 138
264 199
36 394
224 45
347 162
82 6
274 31
69 298
61 53
464 220
251 437
133 334
293 44
376 182
162 487
488 137
405 273
289 64
33 65
254 104
282 241
344 68
324 255
227 413
129 189
429 444
185 276
198 482
87 158
214 6
25 375
486 209
237 93
58 257
356 347
372 357
354 410
202 375
291 449
284 385
54 150
33 216
322 452
179 189
337 388
20 299
130 174
74 121
480 424
383 418
228 242
53 292
287 137
432 452
148 306
229 401
450 171
15 230
45 489
311 355
413 468
6 385
408 280
174 78
4 134
203 129
323 155
5 412
407 291
420 444
105 394
490 24
485 28
449 16
485 53
344 20
177 282
33 476
304 374
183 4
256 248
247 275
332 161
415 215
423 449
361 431
247 115
265 42
393 203
219 174
468 261
121 404
309 495
87 206
22 372
485 430
377 410
94 228
174 39
106 339
420 277
404 73
65 497
194 241
90 355
469 467
281 168
375 257
101 307
190 414
49 67
313 419
314 258
245 10
423 36
162 402
488 81
297 57
84 314
59 84
489 360
155 277
85 89
250 371
224 48
275 277
496 82
166 90
170 335
289 429
244 341
63 74
119 107
84 496
455 483
386 113
11 96
219 420
403 492
63 429
342 494
370 97
206 7
496 390
135 160
375 353
20 231
113 344
460 32
101 65
433 103
397 250
84 278
416 364
126 28
112 128
161 421
292 43
354 201
324 116
308 297
231 411
379 382
432 348
304 89
386 98
228 390
329 380
273 401
75 202
352 53
377 263
164 258
291 36
239 356
30 472
289 443
433 76
205 4
149 297
243 254
478 43
427 430
101 149
73 336
479 488
277 385
435 365
67 357
129 488
401 289
142 200
274 263
309 343
475 123
5 176
210 272
355 293
70 394
252 463
251 496
487 135
167 128
310 230
345 393
136 47
354 173
354 412
219 99
64 138
209 474
176 258
367 377
105 486
199 472
78 0
72 146
126 120
401 274
178 458
438 179
9 434
89 460
102 268
107 93
117 350
201 140
62 496
433 157
301 143
116 349
447 302
4 347
357 485
12 423
343 181
325 118
289 17
418 22
46 286
458 180
496 364
130 259
237 174
373 307
139 399
406 340
324 473
140 177
241 97
315 312
193 419
209 149
60 493
101 233
80 60
199 240
169 186
168 9
443 367
255 88
181 314
327 455
276 261
451 240
175 233
246 292
201 373
4 63
197 331
466 444
1 445
57 256
290 153
490 204
154 202
451 251
160 426
74 357
220 168
97 401
288 269
471 370
64 273
62 473
216 99
161 321
146 159
295 183
90 43
240 406
333 87
238 138
418 373
117 16
498 253
247 123
226 364
487 86
150 22
479 186
0 422
21 234
273 365
147 462
107 102
191 211
108 358
288 132
0 328
313 477
126 458
496 242
28 161
331 426
78 496
443 42
122 439
417 350
425 281
129 321
281 216
285 49
372 80
86 435
242 422
147 60
480 105
171 160
65 160
30 345
88 456
56 457
95 152
198 379
82 133
222 60
364 42
105 419
353 89
334 1
468 28
109 167
487 202
369 152
65 365
137 444
250 47
205 415
176 325
479 360
189 359
302 101
259 34
400 309
202 209
267 456
150 206
106 327
223 35
77 420
234 126
415 22
199 363
12 250
291 334
139 305
381 4
18 65
313 223
469 98
167 147
265 175
440 472
161 215
17 353
101 11
129 379
134 282
464 253
319 125
234 426
41 15
103 465
105 188
241 57
333 484
458 469
253 451
317 2
425 358
103 16
467 483
6 114
120 460
144 315
30 234
122 423
50 359
88 461
421 185
166 434
24 235
225 317
182 272
136 189
299 310
311 470
264 320
11 287
401 149
155 168
435 152
229 74
424 271
419 355
236 318
368 237
222 487
282 165
69 448
271 408
61 491
25 436
369 262
77 241
90 17
261 327
392 308
373 107
314 269
363 192
460 18
87 333
253 91
351 263
12 23
418 417
418 444
282 421
195 315
13 133
235 70
191 183
268 444
394 484
231 194
402 371
166 319
231 214
272 51
69 176
59 76
127 56
271 97
194 43
424 120
311 198
312 161
14 132
223 233
294 56
270 454
324 358
89 266
223 305
19 354
376 442
244 385
8 300
258 491
253 437
195 56
88 386
397 184
10 52
142 316
43 165
104 121
76 165
170 128
233 261
70 396
457 290
217 495
57 234
178 241
59 340
442 172
435 105
202 278
302 361
58 348
321 203
310 117
312 328
153 227
103 143
104 216
269 393
356 182
53 376
16 225
365 245
228 188
150 238
47 88
117 434
442 122
0 298
135 468
83 235
486 474
193 178
408 480
311 17
59 9
472 438
133 244
20 119
147 394
57 28
62 5
453 278
460 351
206 482
373 409
438 253
257 203
271 369
493 414
187 146
147 355
287 169
187 471
249 412
200 79
211 257
2 472
252 402
173 401
68 402
167 332
108 417
228 216
208 207
163 208
339 324
244 431
25 263
67 425
373 304
441 90
275 421
319 345
106 437
439 4
28 285
223 126
119 173
164 19
149 417
142 56
483 60
129 243
162 383
14 285
21 384
244 346
452 418
211 448
194 62
168 188
361 237
370 324
461 72
198 340
21 143
428 409
78 210
292 421
437 423
422 29
84 491
476 101
40 210
257 405
112 361
310 212
425 265
427 20
104 249
142 142
428 164
76 176
186 421
37 335
130 294
193 16
101 66
20 118
231 188
18 257
162 350
223 484
469 171
43 312
428 18
232 225
116 267
499 437
360 493
131 67
192 322
120 136
130 192
421 159
156 173
81 321
34 482
284 150
6 340
421 234
71 263
159 165
20 343
442 259
343 406
444 176
346 494
237 427
265 180
171 212
413 242
180 236
146 92
104 377
10 323
268 6
177 23
257 130
260 415
190 129
442 485
497 460
21 197
446 54
260 100
301 452
335 92
276 238
404 472
3 400
342 53
9 333
329 430
179 106
435 308
125 232
274 192
92 166
189 497
77 111
139 319
484 220
84 85
287 35
437 15
187 300
19 463
240 49
87 383
111 426
245 294
338 474
473 470
171 234
233 207
269 349
430 40
430 271
103 496
419 469
1 420
216 168
369 145
237 198
264 337
216 308
305 324
189 239
16 197
437 330
355 393
178 155
452 431
87 17
410 276
165 121
192 197
119 394
423 209
143 19
414 123
415 255
357 460
361 229
395 279
13 70
241 345
330 136
115 239
370 10
306 210
253 75
400 415
168 227
275 248
215 387
339 235
91 479
333 186
364 283
226 242
276 453
300 89
105 486
239 430
152 114
69 447
238 232
389 30
282 213
351 462
66 104
284 320
473 441
17 285
269 464
193 447
160 440
38 55
453 202
257 262
212 389
359 127
280 14
423 499
319 8
228 97
433 192
365 312
320 35
493 483
277 130
226 400
404 394
472 271
372 164
52 493
311 259
341 496
248 245
499 90
323 82
380 252
84 96
431 240
158 11
354 192
243 340
300 299
171 11
329 18
409 339
479 289
44 65
125 130
465 153
375 68
468 433
118 201
63 189
267 393
17 78
248 438
328 60
111 96
283 425
114 458
423 200
42 498
13 109
185 93
93 401
49 462
294 182
291 363
484 74
494 141
355 495
371 310
100 78
74 211
343 308
421 332
350 200
143 379
423 211
15 303
273 362
482 376
400 405
2 497
104 121
499 119
447 112
402 294
