20 42
0 A
1 B
2 C
3 D
4 E
5 F
6 G
7 H
8 I
9 J
10 K
11 L
12 M
13 N
14 O
15 P
16 Q
17 R
18 S
19 T

0 1 4
0 2 2
1 2 1
1 3 5
2 3 8
2 4 10
3 5 6
4 5 2
5 6 3
6 7 1
7 8 7
8 9 2
9 10 3
10 11 6
11 12 4
12 13 5
13 14 3
14 15 8
15 16 2
16 17 6
17 18 4
18 19 1

0 6 15
1 7 12
2 8 9
3 9 7
4 10 11
5 11 10
6 12 14
7 13 13
8 14 6
9 15 9
10 16 5
11 17 8
12 18 7
13 19 12

3 4 1
6 9 2
7 10 3
8 11 4
10 13 2
14 17 1

#CONSULTAS
0 19
0 10
5 15
3 18
7 7
1 14
2 17
6 19
4 13
9 0